spec  shells  n  mean_ring  mean_ring_sd    js  js_sd  frac_odd
N100       1 10      4.919         0.077 0.488  0.010     0.002
N100       2 10      5.108         0.057 0.181  0.015     0.550
N100       3 10      5.474         0.065 0.114  0.014     0.538
N100       4 10      5.685         0.080 0.082  0.009     0.531
N100       5 10      6.249         0.027 0.023  0.003     0.496
N100       6 10      6.471         0.096 0.014  0.007     0.498
N100       8 10      6.761         0.075 0.009  0.003     0.508
 N20       1 10      5.265         0.025 0.376  0.002     0.000
 N20       2 10      5.467         0.022 0.022  0.001     0.531
 N20       3 10      5.792         0.023 0.008  0.001     0.511
 N20       4 10      6.048         0.044 0.006  0.002     0.513
 N20       5 10      6.652         0.032 0.025  0.003     0.513
 N20       6 10      6.968         0.034 0.049  0.005     0.498
 N20       8 10      7.444         0.034 0.099  0.005     0.500
N20 reference mean ring 6.089
N100 reference mean ring 6.707
